2067532629
354648147
0.00034075
-0.000638802
71312273
19218782
2
0
2
4

7
7
511
400

286
404

104
405

100
212

101
81

304
80

416
232

398
402

195
404

102
308

100
146

202
80

360
156

463
316

511
400
10000
2
10001
20000
10006
20006
0
0
0
0
71313854
19216608
2067532629
354648147

286
404
10001
2
10000
20000
10002
20001
0
0
0
0
71313049
19216579
2067519965
354647398

104
405
10002
2
10001
20001
10003
20002
0
0
0
0
71312467
19216559
2067510805
354646861

100
212
10003
2
10002
20002
10004
20003
0
0
0
0
71312383
19217462
2067509193
354663541

101
81
10004
2
10003
20003
10005
20004
0
0
0
0
71312362
19218629
2067508495
354685092

304
80
10005
2
10004
20004
10006
20005
0
0
0
0
71313405
19218663
2067524911
354686015

416
232
10006
2
10005
20005
10000
20006
0
0
0
0
71313699
19217805
2067529807
354670233

398
402
20000
10000
10001
0
-1
3.54648e+008
0
0
0
1
0
0
0
0
0
0
0
0
0
0
0

195
404
20001
10001
10002
0
-1
3.54647e+008
0
0
0
1
0
0
0
0
0
0
0
0
0
0
0

102
308
20002
10002
10003
-10
-1
2.10298e+010
0
0
0
1
0
0
0
0
0
0
0
0
0
0
0

100
146
20003
10003
10004
-30
-1
6.23799e+010
0
0
0
1
0
0
0
0
0
0
0
0
0
0
0

202
80
20004
10004
10005
0
-1
3.54685e+008
0
0
0
1
0
0
0
0
0
0
0
0
0
0
0

360
156
20005
10005
10006
-3
-1
6.55726e+009
0
0
0
1
0
0
0
0
0
0
0
0
0
0
0

463
316
20006
10006
10000
-7
-1
1.48274e+010
0
0
0
1
0
0
0
0
0
0
0
0
0
0
0

