1   118.85648   32.02776   23.54788   0   1
2   118.85530   32.02763   17.29143   1   2
3   118.85501   32.02762   16.97977   2   1
4   118.85423   32.02760   16.30246   1   2
5   118.85401   32.02767   15.81934   2   1
6   118.85394   32.03094   13.60008   1   2
7   118.85403   32.03111   13.80754   2   1
8   118.85562   32.03110   15.22723   1   2
9   118.85579   32.03102   15.36671   2   1
10   118.85611   32.02976   19.01553   1   2
11   118.85617   32.02968   19.50991   2   1
12   118.85637   32.02779   23.40402   7   0
