1   118.85817   32.02599   26.61516   0   1
2   118.85806   32.02680   26.73229   1   1
3   118.85807   32.02692   26.45440   2   1
4   118.85800   32.02760   25.96464   1   1
5   118.85797   32.02785   27.91167   2   1
6   118.85788   32.02795   28.16151   1   1
7   118.85770   32.02797   28.28268   2   1
8   118.85762   32.02793   27.53183   1   2
9   118.85742   32.02784   26.62610   2   1
10   118.85660   32.02779   23.86860   1   3
11   118.85646   32.02759   23.71940   2   1
12   118.85660   32.02630   25.59961   1   2
13   118.85673   32.02614   25.86402   2   1
14   118.85687   32.02604   26.18607   1   3
15   118.85706   32.02591   25.95917   2   1
16   118.85800   32.02597   26.02092   1   3
17   118.85815   32.02609   25.86080   2   1
18   118.85812   32.02639   25.71008   7   0
