2128847472
349881253
0.00410919
-0.00334574
72452860
18964095
0
6
3
9

32
43
302
420

311
362

319
316

328
279

360
267

408
254

466
244

462
316

460
366

460
408

398
411

350
417

353
367

404
368

357
317

404
318

454
463

439
529

430
579

966
652

1088
447

1097
407

1010
387

999
431

1238
79

1121
76

404
196

150
215

93
397

62
509

146
413

221
419

306
391

315
339

323
297

344
273

384
260

437
249

464
280

461
341

460
387

429
409

374
414

326
418

332
364

351
392

338
316

355
342

358
292

378
367

404
343

432
367

401
389

380
317

406
286

433
317

457
435

446
496

434
554

698
615

1027
549

1092
427

1053
397

1004
409

1043
439

1167
243

1179
77

762
136

277
205

121
306

77
453

246
544

119
405

183
416

261
419

302
420
10000
3
10001
20000
10011
20011
10031
20042
0
0
2
1
72463338
18955146
2128847472
349881253

311
362
10001
3
10000
20000
10002
20001
10012
20012
0
0
2
1
72464764
18955754
2128870257
349892041

319
316
10002
3
10001
20001
10003
20002
10014
20014
0
0
0
1
72465923
18956283
2128888795
349901448

328
279
10003
2
10002
20002
10004
20003
0
0
5
0
72466779
18956668
2128902493
349908283

360
267
10004
3
10003
20003
10005
20004
10014
20016
0
0
2
1
72467921
18956221
2128920388
349899659

408
254
10005
3
10004
20004
10006
20005
10015
20022
0
0
2
0
72468994
18955434
2128937067
349884763

466
244
10006
2
10005
20005
10007
20006
0
0
4
1
72470078
18954506
2128953872
349867258

462
316
10007
3
10006
20006
10008
20007
10015
20023
0
0
1
1
72468259
18953524
2128924720
349849686

460
366
10008
3
10007
20007
10009
20008
10013
20019
0
0
2
1
72467078
18952881
2128905796
349838183

460
408
10009
3
10008
20008
10010
20009
10016
20024
1
1
1
1
72466063
18952352
2128889540
349828719

398
411
10010
3
10009
20009
10011
20010
10013
20020
0
0
2
1
72465049
18953408
2128873880
349848583

350
417
10011
3
10010
20010
10000
20011
10012
20013
0
0
2
1
72464125
18954266
2128859588
349864739

353
367
10012
4
10001
20012
10011
20013
10014
20015
10013
20017
0
0
1
1
72465435
18954934
2128880568
349876667

404
368
10013
4
10012
20017
10015
20018
10008
20019
10010
20020
0
0
1
1
72466191
18954001
2128892182
349859162

357
317
10014
4
10002
20014
10012
20015
10004
20016
10015
20021
0
0
1
1
72466625
18955513
2128899611
349886985

404
318
10015
4
10013
20018
10014
20021
10005
20022
10007
20023
0
0
1
1
72467389
18954615
2128911361
349870142

454
463
10016
2
10009
20024
10017
20025
0
0
2
1
72464587
18951747
2128865949
349818011

439
529
10017
2
10016
20025
10018
20026
0
0
2
1
72462786
18951014
2128837179
349805054

430
579
10018
3
10017
20026
10019
20027
10029
20039
3
1
2
1
72461541
18950399
2128817233
349794074

966
652
10019
2
10018
20027
10020
20028
3
2
2
0
72467674
18939013
2128910024
349581617

1088
447
10020
3
10019
20028
10021
20029
10023
20032
0
0
2
0
72474658
18939477
2129020734
349587957

1097
407
10021
3
10020
20029
10022
20030
10024
20033
0
0
2
0
72474979
18939606
2129025870
349590245

1010
387
10022
2
10021
20030
10023
20031
0
0
0
0
72474471
18940693
2129018227
349610495

999
431
10023
2
10022
20031
10020
20032
0
0
0
0
72474219
18940610
2129014214
349609048

1238
79
10024
2
10021
20033
10025
20034
0
0
2
0
72485834
18941570
2129198401
349623106

1121
76
10025
2
10024
20034
10026
20035
3
5
5
0
72484208
18943977
2129173562
349668111

404
196
10026
2
10025
20035
10027
20036
3
5
2
0
72470170
18956320
2128956011
349900761

150
215
10027
2
10026
20036
10028
20037
3
2
1
1
72465949
18960830
2128890919
349985495

93
397
10028
3
10027
20037
10029
20038
10030
20040
3
2
2
1
72460703
18959584
2128807448
349964155

62
509
10029
2
10028
20038
10018
20039
3
2
1
1
72457594
18958819
2128757968
349951010

146
413
10030
2
10028
20040
10031
20041
0
0
1
1
72461154
18958298
2128814097
349940238

221
419
10031
2
10030
20041
10000
20042
0
0
1
1
72462145
18956756
2128829198
349911403

306
391
20000
10000
10001
0
-1
-28
1
10
100
1
0
0
0
3
2
2
2
3
1
1
20

315
339
20001
10001
10002
0
-1
10760
1
7
89
1
0
0
0
3
1
1
1
2
1
1
30

323
297
20002
10002
10003
0
-1
20167
1
10
50
1
0
0
0
3
1
2
1
2
1
1
30

344
273
20003
10003
10004
0
-1
27002
1
10
0
1
0
0
0
3
1
2
1
2
1
1
30

384
260
20004
10004
10005
0
-1
18378
1
10
0
1
0
0
0
3
1
2
1
2
1
1
30

437
249
20005
10005
10006
-1
-1
94217
1
10
50
1
0
0
0
3
1
2
1
3
1
1
20

464
280
20006
10006
10007
0
-1
-14023
1
15
150
1
0
0
0
3
1
2
1
4
1
1
30

461
341
20007
10007
10008
0
-1
-31595
1
15
0
1
0
0
0
3
1
2
1
3
1
1
30

460
387
20008
10008
10009
0
-1
-43098
1
15
0
1
0
0
0
3
1
2
1
3
0
0
30

429
409
20009
10009
10010
-1
-1
-9354
1
10
0
1
0
0
0
3
1
2
1
3
1
1
30

374
414
20010
10010
10011
-1
-1
-5150
1
10
0
1
0
0
0
3
1
2
1
3
1
1
30

326
418
20011
10000
10011
-1
-1
1112
1
10
0
1
0
0
0
3
1
2
1
3
1
1
30

332
364
20012
10001
10012
-1
-1
34685
1
15
0
1
0
0
0
3
1
2
1
3
1
1
30

351
392
20013
10011
10012
0
-1
-16542
1
10
0
1
0
0
0
3
1
2
1
3
1
1
30

338
316
20014
10002
10014
-1
-1
62630
1
10
0
1
0
0
0
3
1
2
1
2
1
1
30

355
342
20015
10012
10014
0
-1
-4614
1
10
0
1
0
0
0
3
1
2
1
3
1
1
30

358
292
20016
10014
10004
0
-1
5704
1
10
0
1
0
0
0
3
1
2
1
3
1
1
30

378
367
20017
10012
10013
-1
-1
29622
1
10
0
1
0
0
0
3
1
2
1
3
1
1
30

404
343
20018
10013
10015
0
-1
-22119
1
10
0
1
0
0
0
3
1
2
1
3
1
1
30

432
367
20019
10013
10008
-1
-1
23731
1
10
0
1
0
0
0
3
1
2
1
3
1
1
30

401
389
20020
10010
10013
0
-1
-32698
1
10
0
1
0
0
0
3
1
2
1
3
1
1
30

380
317
20021
10014
10015
-1
-1
58983
1
10
0
1
0
0
0
3
1
2
1
0
1
1
30

406
286
20022
10015
10005
0
-1
-11139
1
0
0
1
0
0
0
3
1
2
1
0
1
1
30

433
317
20023
10015
10007
-1
-1
53890
1
10
0
1
0
0
0
3
1
2
1
3
1
1
30

457
435
20024
10009
10016
0
-1
-52562
1
15
0
1
0
0
0
3
1
2
1
4
1
1
30

446
496
20025
10016
10017
0
-1
-63270
1
15
0
1
0
0
0
3
1
2
1
4
1
1
30

434
554
20026
10017
10018
0
-1
-76227
1
15
0
1
0
0
0
3
1
2
1
4
1
1
30

698
615
20027
10018
10019
-2
-1
-145405
1
15
0
1
0
0
0
3
1
2
1
3
1
1
40

1027
549
20028
10019
10020
0
-1
-299664
2
0
0
1
0
0
0
0
0
0
0
0
0
0
40

1092
427
20029
10020
10021
0
-1
-293324
2
0
0
1
0
0
0
0
0
0
0
0
0
0
20

1053
397
20030
10021
10022
-2
-1
68040
3
0
0
1
0
0
0
0
0
0
0
0
0
0
20

1004
409
20031
10022
10023
0
-1
-270786
3
0
0
1
0
0
0
0
0
0
0
0
0
0
20

1043
439
20032
10023
10020
-3
-1
231413
3
0
0
1
0
0
0
0
0
0
0
0
0
0
20

1167
243
20033
10021
10024
0
-1
-291036
1
0
0
1
0
0
0
3
1
2
1
0
0
0
40

1179
77
20034
10024
10025
-1
-1
93894
1
0
0
1
0
0
0
3
1
2
1
0
1
1
40

762
136
20035
10025
10026
-1
-1
114060
1
0
0
1
0
0
0
3
1
2
1
2
1
1
40

277
205
20036
10026
10027
-1
-1
129159
1
16
0
1
0
0
0
3
1
2
1
2
1
1
40

121
306
20037
10027
10028
0
-1
104214
1
15
0
1
0
0
0
3
1
2
1
3
1
1
40

77
453
20038
10028
10029
0
-1
82874
1
10
0
1
0
0
0
3
1
2
1
2
1
1
40

246
544
20039
10029
10018
-2
-1
-106999
1
10
0
1
0
0
0
3
1
2
1
0
0
0
40

119
405
20040
10028
10030
-3
-1
-33778
1
10
0
1
0
0
0
3
1
2
1
2
1
1
40

183
416
20041
10030
10031
-1
-1
26722
1
10
0
1
0
0
0
3
1
2
1
2
1
1
40

261
419
20042
10031
10000
-1
-1
12988
1
10
0
1
0
0
0
3
1
2
1
2
1
1
40

